2
4
2
8
4
2
8
16
2
4
2
8
16
2
32
4
2
8
64
16
4
2
8
4
2
32
2
64
8
16
4
2
128
8
2
4
16
8
2
4
16
32
8
2
4
8
2
256
4
8
16
32
2
8
4
64
16
128
8
2
4
16
8
4
2
32
8
4
2
64
8
16
4
128
2
8
4
2
256
32
4
2
512
8
16
4
2
8
64
32
2
8
4
2
16
128
8
256
4
16
8
4
2
1024
2
8
4
32
8
2
4
8
4
16
2
2048
4
2
8
4
2
32
8
16
2
4
8
2
64
4
2
16
8
32
2
4
8
128
16
4
2
256
8
4
16
64
2
32
8
512
2
4
16
8
32
4
128
2
64
8
2
16
4
256
8
4
2
1024
16
2
4
8
32
2
16
8
64
4
2
32
8
16
2
128
4
64
8
2
16
4
512
8
32
2
128
4
16
2
2048
4
32
2
8
4
16
8
2
4
256
8
16
4
2
128
8
32
2
4
8
16
64
8
2
16
4
512
8
64
2
4
8
1024
2
16
4
8
32
2
64
8
4
16
8
128
2
32
4
16
8
4
256
2
64
8
4
16
128
2
512
4
32
8
2
16
4
256
8
128
4
32
8
2
64
4
16
2
8
32
128
4
8
512
2
16
4
1024
8
64
2
16
4
8
32
2
16
4
2048
4
8
2
16
4
32
8
2
64
4
16
8
2
128
4
32
8
16
4
256
2
64
8
32
4
512
2
128
8
16
4
1024
2
32
4
16
8
2
2048
8
4
32
16
2
8
4
64
16
8
4
128
2
32
8
4
16
256
4
8
2
64
32
8
16
4
512
2
128
8
4
16
64
2
256
8
4
16
2
1024
4
8
32
16
4
2
2048
8
4
16
64
8
2
32
4
16
128
8
4
256
2
64
16
4
8
512
2
128
4
32
8
16
2
2048
8
64
4
16
8
32
2
128
4
16
64
8
4
256
2
32
8
128
4
8
64
2
16
512
4
8
2
256
8
16
64
4
32
128
2
8
4
16
2048
8
2
32
4
16
8
64
4
128
2
8
256
16
4
32
64
8
2
128
4
256
8
16
512
4
2
64
8
16
32
2
2048
8
4
128
2
16
4
64
8
32
256
2
4
8
16
128
64
4
8
2
512
16
4
256
8
32
64
2
128
4
16
8
2048
2
4
8
16
128
4
64
8
2
32
256
8
16
4
512
2
64
8
128
16
4
32
2048