2 
2 
2 
2 
2 
2 
2 
2 
2 
2 
2 
2 
2 
2 
2 
2 
2 
2 
2 
2 
4 
8 
16 
2 
32 
4 
8 
64 
128 
16 
32 
512 
64 
128 
256 
8 
2 
1024 
4 
512 
256 
2048 
2 
128 
32 
256 
8 
1024 
4 
16 
32 
64 
256 
8 
512 
2 
1024 
2048 
4096 
64 
128 
8 
16 
32 
256 
4 
2048 
1024 
16 
8 
2 
256 
8192 
32 
2048 
16 
64 
8 
4 
2048
256 
128 
1024 
32 
8 
2 
16 
512 
256 
8192 
4096 
64 
8 
2 
256 
2048 
4 
1024 
32 
2048 
512 
128 
8 
16 
4096 
2048 
1024 
2 
256 
8 
4 
512 
2048 
16 
4096 
1024 
128 
2 
256 
64 
8192 
2048 
32 
4 
128 
16 
2 
64 
1024 
256 
2048 
8 
16 
4 
1024 
8 
64 
256 
2 
1024 
4096 
8 
2048 
16 
512 
32 
2 
128 
2048 
4096 
8192 
8 
16 
32 
2048 
256 
2 
1024 
64 
128 
512 
8 
2048 
8192 
4 
256 
128 
2 
4096 
1024 
16 
8 
2048 
64 
256 
2 
512 
4096 
2048 
1024 
32 
128 
8 
16 
8192 
64 
2 
256 
128 
2048 
8 
32 
1024 
2048 
4 
256 
8192 
64 
8 
2 
512 
32 
1024 
16 
4096 
2 
128 
2048 
8192 
512 
8 
1024 
256 
2048 
32 
4 
8192 
16 
2048 
2 
64 
128 
512 
4 
1024 
8 
2048 
8192 
256 
16 
32 
2 
4096 
128 
8192 
2048 
64 
8 
1024 
4 
16 
256 
2 
2048 
512 
8192 
128 
4096 
64 
8 
1024 
32 
256 
2 
2048 
8192 
4 
16 
128 
1024 
512 
256 
8 
64 
4096 
2048 
2 
8192 
1024 
32 
128 
16 
4 
2048 
8192 
256 
8 
4096 
1024 
2 
16 
2048 
8192 
128 
256 
32 
1024 
512 
8 
4096 
64 
2048 
4 
128 
8192 
2048 
1024 
256 
2 
32 
16 
4096 
8 
512 
128 
2048 
8192 
64 
2 
1024 
256 
4 
8192 
2048 
32 
8 
1024 
256 
2048 
16 
4096 
8192 
4 
2 
128 
512 
256 
8192 
16 
64 
1024 
8 
4096 
2 
128 
2048 
256 
32 
8192 
1024 
8 
4096 
2048 
4 
256 
2 
64 
128 
8192 
32 
2048 
256 
8192 
1024 
2 
512 
16 
2048 
4 
128 
8192 
256 
32 
8 
1024 
4096 
2 
2048 
8192 
64 
16 
256 
8 
1024 
4 
4096 
2048 
128 
8192 
32 
2 
512 
2048 
64 
256 
8192 
1024 
128 
8 
4096 
2048 
2 
256 
8192 
4 
16 
1024 
4096 
2 
8192 
128 
2048 
32 
512 
8 
256 
1024 
4 
16 
2048 
8192 
64 
8 
4096 
2 
128 
8192 
1024 
16 
32 
2048 
4 
256 
512 
8192 
2048 
1024 
128 
8 
32 
64 
256 
2048 
4096 
4 
8192 
8 
2 
1024 
2048 
8192 
64 
256 
512 
32 
128 
16 
4096 
8192 
1024 
8 
2 
256 
128 
2048 
8192 
4 
16 
1024 
2048 
8192 
256 
64 
32 
8 
4 
2 
1024 
2048